MHUs:	3
Time	Unit	Type	Dimension1	Dimension2	Dimension3	LocationX	LocationY	LocationZ	Unit	Type	Dimension1	Dimension2	Dimension3	LocationX	LocationY	LocationZ	Unit	Type	Dimension1	Dimension2	Dimension3	LocationX	LocationY	LocationZ	
0.000000	0	1	0.005000	0.005000	-1	0.005000	-0.005100	0.003660	1	1	0.005000	0.005000	-1	0.010000	-0.005100	0.003660	2	1	0.005000	0.005000	-1	0.015000	-0.005100	0.003660	

0.001000	0	1	0.005000	0.005000	-1	0.005000	-0.005100	0.003660	1	1	0.005000	0.005000	-1	0.010000	-0.005100	0.003661	2	1	0.005000	0.005000	-1	0.015000	-0.005100	0.003664	

0.002000	0	1	0.004987	0.005026	-1	0.005000	-0.005100	0.003660	1	1	0.005000	0.005000	-1	0.010012	-0.005099	0.003662	2	1	0.005000	0.005000	-1	0.015012	-0.005099	0.003673	

0.003000	0	1	0.004974	0.005051	-1	0.005000	-0.005100	0.003660	1	1	0.005000	0.005000	-1	0.010023	-0.005095	0.003666	2	1	0.005000	0.005000	-1	0.015023	-0.005093	0.003683	

0.004000	0	1	0.004962	0.005076	-1	0.005000	-0.005100	0.003660	1	1	0.005000	0.005000	-1	0.010034	-0.005092	0.003669	2	1	0.005000	0.005000	-1	0.015034	-0.005089	0.003686	

0.005000	0	1	0.004951	0.005100	-1	0.005000	-0.005100	0.003660	1	1	0.005000	0.005000	-1	0.010045	-0.005089	0.003670	2	1	0.005000	0.005000	-1	0.015044	-0.005087	0.003689	

0.006000	0	1	0.004939	0.005123	-1	0.005000	-0.005100	0.003660	1	1	0.005000	0.005000	-1	0.010056	-0.005088	0.003672	2	1	0.005000	0.005000	-1	0.015054	-0.005084	0.003696	

0.007000	0	1	0.004928	0.005146	-1	0.005000	-0.005100	0.003660	1	1	0.005000	0.005000	-1	0.010066	-0.005086	0.003673	2	1	0.005000	0.005000	-1	0.015064	-0.005081	0.003703	

0.008000	0	1	0.004917	0.005169	-1	0.005000	-0.005100	0.003660	1	1	0.005000	0.005000	-1	0.010077	-0.005084	0.003675	2	1	0.005000	0.005000	-1	0.015074	-0.005079	0.003709	

0.009000	0	1	0.004907	0.005191	-1	0.005000	-0.005100	0.003660	1	1	0.005000	0.005000	-1	0.010086	-0.005082	0.003676	2	1	0.005000	0.005000	-1	0.015083	-0.005076	0.003714	

0.010000	0	1	0.004897	0.005213	-1	0.005000	-0.005100	0.003660	1	1	0.005000	0.005000	-1	0.010096	-0.005080	0.003677	2	1	0.005000	0.005000	-1	0.015092	-0.005073	0.003717	

0.011000	0	1	0.004887	0.005234	-1	0.005000	-0.005100	0.003660	1	1	0.005000	0.005000	-1	0.010105	-0.005079	0.003678	2	1	0.005000	0.005000	-1	0.015100	-0.005071	0.003719	

0.012000	0	1	0.004877	0.005254	-1	0.005000	-0.005100	0.003660	1	1	0.005000	0.005000	-1	0.010114	-0.005081	0.003677	2	1	0.005000	0.005000	-1	0.015108	-0.005072	0.003719	

0.013000	0	1	0.004868	0.005274	-1	0.005000	-0.005100	0.003660	1	1	0.005000	0.005000	-1	0.010122	-0.005081	0.003678	2	1	0.005000	0.005000	-1	0.015116	-0.005072	0.003719	

0.014000	0	1	0.004859	0.005294	-1	0.005000	-0.005100	0.003660	1	1	0.005000	0.005000	-1	0.010130	-0.005081	0.003679	2	1	0.005000	0.005000	-1	0.015123	-0.005071	0.003720	

0.015000	0	1	0.004850	0.005313	-1	0.005000	-0.005100	0.003660	1	1	0.005000	0.005000	-1	0.010138	-0.005079	0.003681	2	1	0.005000	0.005000	-1	0.015130	-0.005069	0.003721	

0.016000	0	1	0.004842	0.005332	-1	0.005000	-0.005100	0.003660	1	1	0.005000	0.005000	-1	0.010145	-0.005077	0.003683	2	1	0.005000	0.005000	-1	0.015136	-0.005067	0.003723	

0.017000	0	1	0.004833	0.005350	-1	0.005000	-0.005100	0.003660	1	1	0.005000	0.005000	-1	0.010152	-0.005075	0.003685	2	1	0.005000	0.005000	-1	0.015142	-0.005063	0.003726	

0.018000	0	1	0.004825	0.005368	-1	0.005000	-0.005100	0.003660	1	1	0.005000	0.005000	-1	0.010158	-0.005072	0.003688	2	1	0.005000	0.005000	-1	0.015147	-0.005060	0.003728	

0.019000	0	1	0.004817	0.005386	-1	0.005000	-0.005100	0.003660	1	1	0.005000	0.005000	-1	0.010165	-0.005069	0.003691	2	1	0.005000	0.005000	-1	0.015152	-0.005057	0.003729	

0.020000	0	1	0.004810	0.005403	-1	0.005000	-0.005100	0.003660	1	1	0.005000	0.005000	-1	0.010171	-0.005068	0.003693	2	1	0.005000	0.005000	-1	0.015158	-0.005055	0.003731	

0.021000	0	1	0.004802	0.005420	-1	0.005000	-0.005100	0.003660	1	1	0.005000	0.005000	-1	0.010177	-0.005072	0.003689	2	1	0.005000	0.005000	-1	0.015162	-0.005058	0.003728	

0.022000	0	1	0.004795	0.005436	-1	0.005000	-0.005100	0.003660	1	1	0.005000	0.005000	-1	0.010183	-0.005073	0.003688	2	1	0.005000	0.005000	-1	0.015167	-0.005058	0.003725	

0.023000	0	1	0.004788	0.005453	-1	0.005000	-0.005100	0.003660	1	1	0.005000	0.005000	-1	0.010188	-0.005090	0.003671	2	1	0.005000	0.005000	-1	0.015171	-0.005073	0.003712	

0.024000	0	1	0.004781	0.005468	-1	0.005000	-0.005100	0.003660	1	1	0.005000	0.005000	-1	0.010194	-0.005119	0.003644	2	1	0.005000	0.005000	-1	0.015176	-0.005101	0.003686	

0.025000	0	1	0.004774	0.005484	-1	0.005000	-0.005100	0.003660	1	1	0.005000	0.005000	-1	0.010199	-0.005135	0.003628	2	1	0.005000	0.005000	-1	0.015180	-0.005117	0.003670	

0.026000	0	1	0.004768	0.005499	-1	0.005000	-0.005100	0.003660	1	1	0.005000	0.005000	-1	0.010204	-0.005126	0.003638	2	1	0.005000	0.005000	-1	0.015183	-0.005107	0.003681	

0.027000	0	1	0.004761	0.005514	-1	0.005000	-0.005100	0.003660	1	1	0.005000	0.005000	-1	0.010209	-0.005099	0.003664	2	1	0.005000	0.005000	-1	0.015186	-0.005078	0.003708	

0.028000	0	1	0.004755	0.005528	-1	0.005000	-0.005100	0.003660	1	1	0.005000	0.005000	-1	0.010213	-0.005080	0.003681	2	1	0.005000	0.005000	-1	0.015189	-0.005056	0.003728	

0.029000	0	1	0.004749	0.005542	-1	0.005000	-0.005100	0.003660	1	1	0.005000	0.005000	-1	0.010217	-0.005086	0.003674	2	1	0.005000	0.005000	-1	0.015192	-0.005060	0.003724	

0.030000	0	1	0.004743	0.005556	-1	0.005000	-0.005100	0.003660	1	1	0.005000	0.005000	-1	0.010222	-0.005110	0.003650	2	1	0.005000	0.005000	-1	0.015195	-0.005083	0.003701	

0.031000	0	1	0.004737	0.005570	-1	0.005000	-0.005100	0.003660	1	1	0.005000	0.005000	-1	0.010225	-0.005129	0.003632	2	1	0.005000	0.005000	-1	0.015198	-0.005102	0.003682	

0.032000	0	1	0.004732	0.005583	-1	0.005000	-0.005100	0.003660	1	1	0.005000	0.005000	-1	0.010229	-0.005127	0.003636	2	1	0.005000	0.005000	-1	0.015200	-0.005102	0.003682	

0.033000	0	1	0.004726	0.005596	-1	0.005000	-0.005100	0.003660	1	1	0.005000	0.005000	-1	0.010233	-0.005107	0.003661	2	1	0.005000	0.005000	-1	0.015202	-0.005081	0.003699	

0.034000	0	1	0.004721	0.005609	-1	0.005000	-0.005100	0.003660	1	1	0.005000	0.005000	-1	0.010236	-0.005090	0.003677	2	1	0.005000	0.005000	-1	0.015204	-0.005062	0.003715	

0.035000	0	1	0.004716	0.005621	-1	0.005000	-0.005100	0.003660	1	1	0.005000	0.005000	-1	0.010239	-0.005092	0.003672	2	1	0.005000	0.005000	-1	0.015206	-0.005062	0.003709	

0.036000	0	1	0.004710	0.005633	-1	0.005000	-0.005100	0.003660	1	1	0.005000	0.005000	-1	0.010242	-0.005111	0.003652	2	1	0.005000	0.005000	-1	0.015207	-0.005081	0.003689	

0.037000	0	1	0.004705	0.005645	-1	0.005000	-0.005100	0.003660	1	1	0.005000	0.005000	-1	0.010245	-0.005128	0.003637	2	1	0.005000	0.005000	-1	0.015209	-0.005098	0.003674	

0.038000	0	1	0.004701	0.005657	-1	0.005000	-0.005100	0.003660	1	1	0.005000	0.005000	-1	0.010248	-0.005123	0.003644	2	1	0.005000	0.005000	-1	0.015210	-0.005096	0.003679	

0.039000	0	1	0.004696	0.005668	-1	0.005000	-0.005100	0.003660	1	1	0.005000	0.005000	-1	0.010250	-0.005104	0.003664	2	1	0.005000	0.005000	-1	0.015211	-0.005078	0.003699	

0.040000	0	1	0.004691	0.005679	-1	0.005000	-0.005100	0.003660	1	1	0.005000	0.005000	-1	0.010253	-0.005092	0.003676	2	1	0.005000	0.005000	-1	0.015212	-0.005066	0.003712	

0.041000	0	1	0.004687	0.005690	-1	0.005000	-0.005100	0.003660	1	1	0.005000	0.005000	-1	0.010255	-0.005097	0.003668	2	1	0.005000	0.005000	-1	0.015213	-0.005070	0.003706	

0.042000	0	1	0.004682	0.005701	-1	0.005000	-0.005100	0.003660	1	1	0.005000	0.005000	-1	0.010257	-0.005113	0.003649	2	1	0.005000	0.005000	-1	0.015213	-0.005088	0.003687	

0.043000	0	1	0.004678	0.005712	-1	0.005000	-0.005100	0.003660	1	1	0.005000	0.005000	-1	0.010259	-0.005119	0.003640	2	1	0.005000	0.005000	-1	0.015214	-0.005099	0.003678	

0.044000	0	1	0.004674	0.005722	-1	0.005000	-0.005100	0.003660	1	1	0.005000	0.005000	-1	0.010261	-0.005111	0.003650	2	1	0.005000	0.005000	-1	0.015214	-0.005094	0.003689	

0.045000	0	1	0.004670	0.005732	-1	0.005000	-0.005100	0.003660	1	1	0.005000	0.005000	-1	0.010263	-0.005098	0.003666	2	1	0.005000	0.005000	-1	0.015215	-0.005082	0.003706	

0.046000	0	1	0.004666	0.005742	-1	0.005000	-0.005100	0.003660	1	1	0.005000	0.005000	-1	0.010265	-0.005093	0.003671	2	1	0.005000	0.005000	-1	0.015215	-0.005077	0.003712	

0.047000	0	1	0.004662	0.005751	-1	0.005000	-0.005100	0.003660	1	1	0.005000	0.005000	-1	0.010266	-0.005101	0.003660	2	1	0.005000	0.005000	-1	0.015215	-0.005084	0.003701	

0.048000	0	1	0.004658	0.005761	-1	0.005000	-0.005100	0.003660	1	1	0.005000	0.005000	-1	0.010268	-0.005109	0.003646	2	1	0.005000	0.005000	-1	0.015215	-0.005094	0.003689	

0.049000	0	1	0.004654	0.005770	-1	0.005000	-0.005100	0.003660	1	1	0.005000	0.005000	-1	0.010269	-0.005112	0.003643	2	1	0.005000	0.005000	-1	0.015215	-0.005100	0.003686	

0.050000	0	1	0.004651	0.005779	-1	0.005000	-0.005100	0.003660	1	1	0.005000	0.005000	-1	0.010270	-0.005104	0.003652	2	1	0.005000	0.005000	-1	0.015214	-0.005097	0.003698	

0.051000	0	1	0.004647	0.005788	-1	0.005000	-0.005100	0.003660	1	1	0.005000	0.005000	-1	0.010271	-0.005095	0.003664	2	1	0.005000	0.005000	-1	0.015214	-0.005092	0.003711	

0.052000	0	1	0.004643	0.005797	-1	0.005000	-0.005100	0.003660	1	1	0.005000	0.005000	-1	0.010273	-0.005095	0.003663	2	1	0.005000	0.005000	-1	0.015214	-0.005091	0.003712	

0.053000	0	1	0.004640	0.005805	-1	0.005000	-0.005100	0.003660	1	1	0.005000	0.005000	-1	0.010273	-0.005101	0.003654	2	1	0.005000	0.005000	-1	0.015213	-0.005095	0.003703	

0.054000	0	1	0.004637	0.005814	-1	0.005000	-0.005100	0.003660	1	1	0.005000	0.005000	-1	0.010274	-0.005106	0.003645	2	1	0.005000	0.005000	-1	0.015212	-0.005101	0.003695	

0.055000	0	1	0.004633	0.005822	-1	0.005000	-0.005100	0.003660	1	1	0.005000	0.005000	-1	0.010275	-0.005103	0.003659	2	1	0.005000	0.005000	-1	0.015212	-0.005105	0.003682	

0.056000	0	1	0.004630	0.005830	-1	0.005000	-0.005100	0.003660	1	1	0.005000	0.005000	-1	0.010276	-0.005096	0.003682	2	1	0.005000	0.005000	-1	0.015211	-0.005105	0.003663	

0.057000	0	1	0.004627	0.005838	-1	0.005000	-0.005100	0.003660	1	1	0.005000	0.005000	-1	0.010276	-0.005094	0.003678	2	1	0.005000	0.005000	-1	0.015210	-0.005103	0.003652	

0.058000	0	1	0.004624	0.005846	-1	0.005000	-0.005100	0.003660	1	1	0.005000	0.005000	-1	0.010277	-0.005101	0.003654	2	1	0.005000	0.005000	-1	0.015209	-0.005099	0.003655	

0.059000	0	1	0.004621	0.005853	-1	0.005000	-0.005100	0.003660	1	1	0.005000	0.005000	-1	0.010277	-0.005106	0.003648	2	1	0.005000	0.005000	-1	0.015208	-0.005095	0.003671	

0.060000	0	1	0.004618	0.005861	-1	0.005000	-0.005100	0.003660	1	1	0.005000	0.005000	-1	0.010278	-0.005102	0.003668	2	1	0.005000	0.005000	-1	0.015207	-0.005095	0.003688	

0.061000	0	1	0.004615	0.005868	-1	0.005000	-0.005100	0.003660	1	1	0.005000	0.005000	-1	0.010278	-0.005096	0.003683	2	1	0.005000	0.005000	-1	0.015206	-0.005098	0.003696	

0.062000	0	1	0.004613	0.005875	-1	0.005000	-0.005100	0.003660	1	1	0.005000	0.005000	-1	0.010278	-0.005096	0.003671	2	1	0.005000	0.005000	-1	0.015205	-0.005102	0.003690	

0.063000	0	1	0.004610	0.005882	-1	0.005000	-0.005100	0.003660	1	1	0.005000	0.005000	-1	0.010279	-0.005101	0.003652	2	1	0.005000	0.005000	-1	0.015204	-0.005105	0.003674	

0.064000	0	1	0.004607	0.005889	-1	0.005000	-0.005100	0.003660	1	1	0.005000	0.005000	-1	0.010279	-0.005102	0.003655	2	1	0.005000	0.005000	-1	0.015202	-0.005105	0.003657	

0.065000	0	1	0.004605	0.005895	-1	0.005000	-0.005100	0.003660	1	1	0.005000	0.005000	-1	0.010279	-0.005100	0.003674	2	1	0.005000	0.005000	-1	0.015201	-0.005101	0.003652	

0.066000	0	1	0.004602	0.005902	-1	0.005000	-0.005100	0.003660	1	1	0.005000	0.005000	-1	0.010279	-0.005098	0.003680	2	1	0.005000	0.005000	-1	0.015200	-0.005097	0.003660	

0.067000	0	1	0.004600	0.005908	-1	0.005000	-0.005100	0.003660	1	1	0.005000	0.005000	-1	0.010279	-0.005099	0.003663	2	1	0.005000	0.005000	-1	0.015198	-0.005095	0.003677	

0.068000	0	1	0.004597	0.005915	-1	0.005000	-0.005100	0.003660	1	1	0.005000	0.005000	-1	0.010279	-0.005103	0.003653	2	1	0.005000	0.005000	-1	0.015197	-0.005096	0.003693	

0.069000	0	1	0.004595	0.005921	-1	0.005000	-0.005100	0.003660	1	1	0.005000	0.005000	-1	0.010278	-0.005103	0.003663	2	1	0.005000	0.005000	-1	0.015195	-0.005099	0.003697	

0.070000	0	1	0.004592	0.005927	-1	0.005000	-0.005100	0.003660	1	1	0.005000	0.005000	-1	0.010278	-0.005098	0.003676	2	1	0.005000	0.005000	-1	0.015194	-0.005103	0.003687	

0.071000	0	1	0.004590	0.005933	-1	0.005000	-0.005100	0.003660	1	1	0.005000	0.005000	-1	0.010278	-0.005097	0.003673	2	1	0.005000	0.005000	-1	0.015192	-0.005105	0.003670	

0.072000	0	1	0.004588	0.005938	-1	0.005000	-0.005100	0.003660	1	1	0.005000	0.005000	-1	0.010278	-0.005100	0.003658	2	1	0.005000	0.005000	-1	0.015191	-0.005104	0.003656	

0.073000	0	1	0.004586	0.005944	-1	0.005000	-0.005100	0.003660	1	1	0.005000	0.005000	-1	0.010277	-0.005103	0.003654	2	1	0.005000	0.005000	-1	0.015189	-0.005101	0.003653	

0.074000	0	1	0.004583	0.005950	-1	0.005000	-0.005100	0.003660	1	1	0.005000	0.005000	-1	0.010277	-0.005101	0.003666	2	1	0.005000	0.005000	-1	0.015187	-0.005097	0.003664	

0.075000	0	1	0.004581	0.005955	-1	0.005000	-0.005100	0.003660	1	1	0.005000	0.005000	-1	0.010276	-0.005097	0.003677	2	1	0.005000	0.005000	-1	0.015186	-0.005095	0.003682	

0.076000	0	1	0.004579	0.005961	-1	0.005000	-0.005100	0.003660	1	1	0.005000	0.005000	-1	0.010276	-0.005097	0.003670	2	1	0.005000	0.005000	-1	0.015184	-0.005096	0.003696	

0.077000	0	1	0.004577	0.005966	-1	0.005000	-0.005100	0.003660	1	1	0.005000	0.005000	-1	0.010275	-0.005101	0.003656	2	1	0.005000	0.005000	-1	0.015182	-0.005099	0.003698	

0.078000	0	1	0.004575	0.005971	-1	0.005000	-0.005100	0.003660	1	1	0.005000	0.005000	-1	0.010275	-0.005103	0.003657	2	1	0.005000	0.005000	-1	0.015180	-0.005103	0.003687	

0.079000	0	1	0.004573	0.005976	-1	0.005000	-0.005100	0.003660	1	1	0.005000	0.005000	-1	0.010274	-0.005100	0.003671	2	1	0.005000	0.005000	-1	0.015179	-0.005105	0.003670	

0.080000	0	1	0.004572	0.005981	-1	0.005000	-0.005100	0.003660	1	1	0.005000	0.005000	-1	0.010274	-0.005097	0.003677	2	1	0.005000	0.005000	-1	0.015177	-0.005104	0.003656	

0.081000	0	1	0.004570	0.005986	-1	0.005000	-0.005100	0.003660	1	1	0.005000	0.005000	-1	0.010273	-0.005099	0.003666	2	1	0.005000	0.005000	-1	0.015175	-0.005101	0.003653	

0.082000	0	1	0.004568	0.005990	-1	0.005000	-0.005100	0.003660	1	1	0.005000	0.005000	-1	0.010272	-0.005102	0.003654	2	1	0.005000	0.005000	-1	0.015173	-0.005098	0.003663	

0.083000	0	1	0.004566	0.005995	-1	0.005000	-0.005100	0.003660	1	1	0.005000	0.005000	-1	0.010272	-0.005103	0.003660	2	1	0.005000	0.005000	-1	0.015171	-0.005095	0.003680	

0.084000	0	1	0.004564	0.006000	-1	0.005000	-0.005100	0.003660	1	1	0.005000	0.005000	-1	0.010271	-0.005100	0.003675	2	1	0.005000	0.005000	-1	0.015169	-0.005095	0.003694	

0.085000	0	1	0.004563	0.006004	-1	0.005000	-0.005100	0.003660	1	1	0.005000	0.005000	-1	0.010270	-0.005097	0.003676	2	1	0.005000	0.005000	-1	0.015167	-0.005097	0.003699	

0.086000	0	1	0.004561	0.006009	-1	0.005000	-0.005100	0.003660	1	1	0.005000	0.005000	-1	0.010269	-0.005099	0.003661	2	1	0.005000	0.005000	-1	0.015165	-0.005101	0.003692	

0.087000	0	1	0.004559	0.006013	-1	0.005000	-0.005100	0.003660	1	1	0.005000	0.005000	-1	0.010269	-0.005102	0.003653	2	1	0.005000	0.005000	-1	0.015163	-0.005104	0.003677	

0.088000	0	1	0.004558	0.006017	-1	0.005000	-0.005100	0.003660	1	1	0.005000	0.005000	-1	0.010268	-0.005103	0.003664	2	1	0.005000	0.005000	-1	0.015162	-0.005105	0.003663	

0.089000	0	1	0.004556	0.006021	-1	0.005000	-0.005100	0.003660	1	1	0.005000	0.005000	-1	0.010267	-0.005097	0.003671	2	1	0.005000	0.005000	-1	0.015160	-0.005106	0.003662	

0.090000	0	1	0.004555	0.006025	-1	0.005000	-0.005100	0.003660	1	1	0.005000	0.005000	-1	0.010266	-0.005095	0.003668	2	1	0.005000	0.005000	-1	0.015158	-0.005104	0.003673	

0.091000	0	1	0.004553	0.006029	-1	0.005000	-0.005100	0.003660	1	1	0.005000	0.005000	-1	0.010265	-0.005101	0.003661	2	1	0.005000	0.005000	-1	0.015156	-0.005101	0.003686	

0.092000	0	1	0.004552	0.006033	-1	0.005000	-0.005100	0.003660	1	1	0.005000	0.005000	-1	0.010264	-0.005105	0.003662	2	1	0.005000	0.005000	-1	0.015154	-0.005097	0.003695	

0.093000	0	1	0.004550	0.006037	-1	0.005000	-0.005100	0.003660	1	1	0.005000	0.005000	-1	0.010263	-0.005101	0.003668	2	1	0.005000	0.005000	-1	0.015152	-0.005094	0.003697	

0.094000	0	1	0.004549	0.006041	-1	0.005000	-0.005100	0.003660	1	1	0.005000	0.005000	-1	0.010262	-0.005096	0.003671	2	1	0.005000	0.005000	-1	0.015150	-0.005095	0.003689	

0.095000	0	1	0.004547	0.006044	-1	0.005000	-0.005100	0.003660	1	1	0.005000	0.005000	-1	0.010261	-0.005096	0.003666	2	1	0.005000	0.005000	-1	0.015148	-0.005097	0.003677	

0.096000	0	1	0.004546	0.006048	-1	0.005000	-0.005100	0.003660	1	1	0.005000	0.005000	-1	0.010260	-0.005103	0.003661	2	1	0.005000	0.005000	-1	0.015146	-0.005101	0.003666	

0.097000	0	1	0.004545	0.006051	-1	0.005000	-0.005100	0.003660	1	1	0.005000	0.005000	-1	0.010259	-0.005106	0.003662	2	1	0.005000	0.005000	-1	0.015144	-0.005104	0.003662	

0.098000	0	1	0.004544	0.006055	-1	0.005000	-0.005100	0.003660	1	1	0.005000	0.005000	-1	0.010258	-0.005102	0.003667	2	1	0.005000	0.005000	-1	0.015142	-0.005104	0.003667	

0.099000	0	1	0.004542	0.006058	-1	0.005000	-0.005100	0.003660	1	1	0.005000	0.005000	-1	0.010257	-0.005095	0.003671	2	1	0.005000	0.005000	-1	0.015140	-0.005102	0.003678	

0.100000	0	1	0.004541	0.006062	-1	0.005000	-0.005100	0.003660	1	1	0.005000	0.005000	-1	0.010256	-0.005096	0.003668	2	1	0.005000	0.005000	-1	0.015138	-0.005099	0.003690	

0.101000	0	1	0.004540	0.006065	-1	0.005000	-0.005100	0.003660	1	1	0.005000	0.005000	-1	0.010255	-0.005102	0.003662	2	1	0.005000	0.005000	-1	0.015136	-0.005097	0.003697	

0.102000	0	1	0.004539	0.006068	-1	0.005000	-0.005100	0.003660	1	1	0.005000	0.005000	-1	0.010254	-0.005106	0.003662	2	1	0.005000	0.005000	-1	0.015134	-0.005095	0.003697	

0.103000	0	1	0.004537	0.006071	-1	0.005000	-0.005100	0.003660	1	1	0.005000	0.005000	-1	0.010253	-0.005101	0.003667	2	1	0.005000	0.005000	-1	0.015132	-0.005096	0.003691	

0.104000	0	1	0.004536	0.006074	-1	0.005000	-0.005100	0.003660	1	1	0.005000	0.005000	-1	0.010252	-0.005095	0.003671	2	1	0.005000	0.005000	-1	0.015130	-0.005099	0.003680	

0.105000	0	1	0.004535	0.006077	-1	0.005000	-0.005100	0.003660	1	1	0.005000	0.005000	-1	0.010251	-0.005096	0.003667	2	1	0.005000	0.005000	-1	0.015128	-0.005102	0.003670	

0.106000	0	1	0.004534	0.006080	-1	0.005000	-0.005100	0.003660	1	1	0.005000	0.005000	-1	0.010250	-0.005102	0.003662	2	1	0.005000	0.005000	-1	0.015126	-0.005104	0.003665	

0.107000	0	1	0.004533	0.006083	-1	0.005000	-0.005100	0.003660	1	1	0.005000	0.005000	-1	0.010249	-0.005105	0.003663	2	1	0.005000	0.005000	-1	0.015124	-0.005106	0.003667	

0.108000	0	1	0.004532	0.006086	-1	0.005000	-0.005100	0.003660	1	1	0.005000	0.005000	-1	0.010248	-0.005101	0.003668	2	1	0.005000	0.005000	-1	0.015122	-0.005105	0.003675	

0.109000	0	1	0.004531	0.006089	-1	0.005000	-0.005100	0.003660	1	1	0.005000	0.005000	-1	0.010246	-0.005096	0.003670	2	1	0.005000	0.005000	-1	0.015120	-0.005102	0.003686	

0.110000	0	1	0.004530	0.006091	-1	0.005000	-0.005100	0.003660	1	1	0.005000	0.005000	-1	0.010245	-0.005097	0.003667	2	1	0.005000	0.005000	-1	0.015118	-0.005098	0.003696	

0.111000	0	1	0.004529	0.006094	-1	0.005000	-0.005100	0.003660	1	1	0.005000	0.005000	-1	0.010244	-0.005103	0.003663	2	1	0.005000	0.005000	-1	0.015116	-0.005094	0.003702	

0.112000	0	1	0.004528	0.006097	-1	0.005000	-0.005100	0.003660	1	1	0.005000	0.005000	-1	0.010243	-0.005105	0.003663	2	1	0.005000	0.005000	-1	0.015114	-0.005093	0.003701	

0.113000	0	1	0.004527	0.006099	-1	0.005000	-0.005100	0.003660	1	1	0.005000	0.005000	-1	0.010242	-0.005100	0.003668	2	1	0.005000	0.005000	-1	0.015112	-0.005094	0.003694	

0.114000	0	1	0.004526	0.006102	-1	0.005000	-0.005100	0.003660	1	1	0.005000	0.005000	-1	0.010241	-0.005095	0.003670	2	1	0.005000	0.005000	-1	0.015110	-0.005097	0.003684	

0.115000	0	1	0.004525	0.006104	-1	0.005000	-0.005100	0.003660	1	1	0.005000	0.005000	-1	0.010240	-0.005098	0.003666	2	1	0.005000	0.005000	-1	0.015108	-0.005100	0.003677	

0.116000	0	1	0.004524	0.006107	-1	0.005000	-0.005100	0.003660	1	1	0.005000	0.005000	-1	0.010238	-0.005103	0.003662	2	1	0.005000	0.005000	-1	0.015107	-0.005103	0.003673	

0.117000	0	1	0.004523	0.006109	-1	0.005000	-0.005100	0.003660	1	1	0.005000	0.005000	-1	0.010237	-0.005104	0.003664	2	1	0.005000	0.005000	-1	0.015105	-0.005105	0.003673	

0.118000	0	1	0.004522	0.006111	-1	0.005000	-0.005100	0.003660	1	1	0.005000	0.005000	-1	0.010236	-0.005099	0.003669	2	1	0.005000	0.005000	-1	0.015103	-0.005105	0.003679	

0.119000	0	1	0.004522	0.006114	-1	0.005000	-0.005100	0.003660	1	1	0.005000	0.005000	-1	0.010235	-0.005096	0.003671	2	1	0.005000	0.005000	-1	0.015101	-0.005103	0.003687	

0.120000	0	1	0.004521	0.006116	-1	0.005000	-0.005100	0.003660	1	1	0.005000	0.005000	-1	0.010234	-0.005097	0.003666	2	1	0.005000	0.005000	-1	0.015099	-0.005101	0.003696	

0.121000	0	1	0.004520	0.006118	-1	0.005000	-0.005100	0.003660	1	1	0.005000	0.005000	-1	0.010233	-0.005102	0.003662	2	1	0.005000	0.005000	-1	0.015097	-0.005099	0.003703	

0.122000	0	1	0.004519	0.006120	-1	0.005000	-0.005100	0.003660	1	1	0.005000	0.005000	-1	0.010231	-0.005103	0.003664	2	1	0.005000	0.005000	-1	0.015095	-0.005098	0.003705	

0.123000	0	1	0.004518	0.006122	-1	0.005000	-0.005100	0.003660	1	1	0.005000	0.005000	-1	0.010230	-0.005100	0.003669	2	1	0.005000	0.005000	-1	0.015094	-0.005097	0.003702	

0.124000	0	1	0.004518	0.006124	-1	0.005000	-0.005100	0.003660	1	1	0.005000	0.005000	-1	0.010229	-0.005097	0.003671	2	1	0.005000	0.005000	-1	0.015092	-0.005097	0.003696	

0.125000	0	1	0.004517	0.006127	-1	0.005000	-0.005100	0.003660	1	1	0.005000	0.005000	-1	0.010228	-0.005098	0.003667	2	1	0.005000	0.005000	-1	0.015090	-0.005098	0.003688	

0.126000	0	1	0.004516	0.006129	-1	0.005000	-0.005100	0.003660	1	1	0.005000	0.005000	-1	0.010227	-0.005101	0.003663	2	1	0.005000	0.005000	-1	0.015088	-0.005100	0.003681	

0.127000	0	1	0.004515	0.006130	-1	0.005000	-0.005100	0.003660	1	1	0.005000	0.005000	-1	0.010226	-0.005103	0.003664	2	1	0.005000	0.005000	-1	0.015087	-0.005102	0.003678	

0.128000	0	1	0.004515	0.006132	-1	0.005000	-0.005100	0.003660	1	1	0.005000	0.005000	-1	0.010224	-0.005101	0.003668	2	1	0.005000	0.005000	-1	0.015085	-0.005103	0.003678	

0.129000	0	1	0.004514	0.006134	-1	0.005000	-0.005100	0.003660	1	1	0.005000	0.005000	-1	0.010223	-0.005098	0.003671	2	1	0.005000	0.005000	-1	0.015083	-0.005103	0.003682	

0.130000	0	1	0.004513	0.006136	-1	0.005000	-0.005100	0.003660	1	1	0.005000	0.005000	-1	0.010222	-0.005097	0.003668	2	1	0.005000	0.005000	-1	0.015081	-0.005102	0.003690	

0.131000	0	1	0.004513	0.006138	-1	0.005000	-0.005100	0.003660	1	1	0.005000	0.005000	-1	0.010221	-0.005100	0.003664	2	1	0.005000	0.005000	-1	0.015080	-0.005101	0.003699	

0.132000	0	1	0.004512	0.006140	-1	0.005000	-0.005100	0.003660	1	1	0.005000	0.005000	-1	0.010220	-0.005103	0.003663	2	1	0.005000	0.005000	-1	0.015078	-0.005099	0.003707	

0.133000	0	1	0.004511	0.006141	-1	0.005000	-0.005100	0.003660	1	1	0.005000	0.005000	-1	0.010219	-0.005102	0.003667	2	1	0.005000	0.005000	-1	0.015076	-0.005098	0.003712	

0.134000	0	1	0.004511	0.006143	-1	0.005000	-0.005100	0.003660	1	1	0.005000	0.005000	-1	0.010218	-0.005099	0.003671	2	1	0.005000	0.005000	-1	0.015075	-0.005097	0.003714	

0.135000	0	1	0.004510	0.006145	-1	0.005000	-0.005100	0.003660	1	1	0.005000	0.005000	-1	0.010216	-0.005097	0.003670	2	1	0.005000	0.005000	-1	0.015073	-0.005097	0.003711	

0.136000	0	1	0.004510	0.006146	-1	0.005000	-0.005100	0.003660	1	1	0.005000	0.005000	-1	0.010215	-0.005099	0.003665	2	1	0.005000	0.005000	-1	0.015071	-0.005098	0.003706	

0.137000	0	1	0.004509	0.006148	-1	0.005000	-0.005100	0.003660	1	1	0.005000	0.005000	-1	0.010214	-0.005102	0.003663	2	1	0.005000	0.005000	-1	0.015070	-0.005099	0.003699	

0.138000	0	1	0.004508	0.006150	-1	0.005000	-0.005100	0.003660	1	1	0.005000	0.005000	-1	0.010213	-0.005102	0.003666	2	1	0.005000	0.005000	-1	0.015068	-0.005100	0.003692	

0.139000	0	1	0.004508	0.006151	-1	0.005000	-0.005100	0.003660	1	1	0.005000	0.005000	-1	0.010212	-0.005100	0.003671	2	1	0.005000	0.005000	-1	0.015066	-0.005101	0.003688	

0.140000	0	1	0.004507	0.006153	-1	0.005000	-0.005100	0.003660	1	1	0.005000	0.005000	-1	0.010211	-0.005098	0.003671	2	1	0.005000	0.005000	-1	0.015065	-0.005102	0.003686	

0.141000	0	1	0.004507	0.006154	-1	0.005000	-0.005100	0.003660	1	1	0.005000	0.005000	-1	0.010210	-0.005098	0.003667	2	1	0.005000	0.005000	-1	0.015063	-0.005102	0.003689	

0.142000	0	1	0.004506	0.006156	-1	0.005000	-0.005100	0.003660	1	1	0.005000	0.005000	-1	0.010208	-0.005101	0.003663	2	1	0.005000	0.005000	-1	0.015062	-0.005102	0.003694	

0.143000	0	1	0.004506	0.006157	-1	0.005000	-0.005100	0.003660	1	1	0.005000	0.005000	-1	0.010207	-0.005103	0.003664	2	1	0.005000	0.005000	-1	0.015060	-0.005101	0.003702	

0.144000	0	1	0.004505	0.006159	-1	0.005000	-0.005100	0.003660	1	1	0.005000	0.005000	-1	0.010206	-0.005101	0.003669	2	1	0.005000	0.005000	-1	0.015059	-0.005100	0.003711	

0.145000	0	1	0.004505	0.006160	-1	0.005000	-0.005100	0.003660	1	1	0.005000	0.005000	-1	0.010205	-0.005098	0.003672	2	1	0.005000	0.005000	-1	0.015057	-0.005100	0.003719	

0.146000	0	1	0.004504	0.006161	-1	0.005000	-0.005100	0.003660	1	1	0.005000	0.005000	-1	0.010204	-0.005098	0.003669	2	1	0.005000	0.005000	-1	0.015056	-0.005099	0.003725	

0.147000	0	1	0.004504	0.006163	-1	0.005000	-0.005100	0.003660	1	1	0.005000	0.005000	-1	0.010203	-0.005100	0.003664	2	1	0.005000	0.005000	-1	0.015054	-0.005098	0.003729	

0.148000	0	1	0.004503	0.006164	-1	0.005000	-0.005100	0.003660	1	1	0.005000	0.005000	-1	0.010202	-0.005102	0.003663	2	1	0.005000	0.005000	-1	0.015053	-0.005098	0.003729	

0.149000	0	1	0.004503	0.006165	-1	0.005000	-0.005100	0.003660	1	1	0.005000	0.005000	-1	0.010201	-0.005102	0.003667	2	1	0.005000	0.005000	-1	0.015051	-0.005098	0.003726	

0.150000	0	1	0.004502	0.006166	-1	0.005000	-0.005100	0.003660	1	1	0.005000	0.005000	-1	0.010200	-0.005100	0.003671	2	1	0.005000	0.005000	-1	0.015050	-0.005098	0.003722	

0.151000	0	1	0.004502	0.006168	-1	0.005000	-0.005100	0.003660	1	1	0.005000	0.005000	-1	0.010198	-0.005097	0.003671	2	1	0.005000	0.005000	-1	0.015048	-0.005099	0.003716	

0.152000	0	1	0.004501	0.006169	-1	0.005000	-0.005100	0.003660	1	1	0.005000	0.005000	-1	0.010197	-0.005098	0.003667	2	1	0.005000	0.005000	-1	0.015047	-0.005100	0.003711	

0.153000	0	1	0.004501	0.006170	-1	0.005000	-0.005100	0.003660	1	1	0.005000	0.005000	-1	0.010196	-0.005101	0.003663	2	1	0.005000	0.005000	-1	0.015046	-0.005101	0.003707	

0.154000	0	1	0.004500	0.006171	-1	0.005000	-0.005100	0.003660	1	1	0.005000	0.005000	-1	0.010195	-0.005103	0.003665	2	1	0.005000	0.005000	-1	0.015044	-0.005102	0.003705	

0.155000	0	1	0.004500	0.006172	-1	0.005000	-0.005100	0.003660	1	1	0.005000	0.005000	-1	0.010194	-0.005101	0.003670	2	1	0.005000	0.005000	-1	0.015043	-0.005102	0.003706	

0.156000	0	1	0.004500	0.006173	-1	0.005000	-0.005100	0.003660	1	1	0.005000	0.005000	-1	0.010193	-0.005098	0.003672	2	1	0.005000	0.005000	-1	0.015042	-0.005102	0.003709	

0.157000	0	1	0.004499	0.006175	-1	0.005000	-0.005100	0.003660	1	1	0.005000	0.005000	-1	0.010192	-0.005098	0.003670	2	1	0.005000	0.005000	-1	0.015040	-0.005102	0.003715	

0.158000	0	1	0.004499	0.006176	-1	0.005000	-0.005100	0.003660	1	1	0.005000	0.005000	-1	0.010191	-0.005099	0.003665	2	1	0.005000	0.005000	-1	0.015039	-0.005102	0.003723	

0.159000	0	1	0.004498	0.006177	-1	0.005000	-0.005100	0.003660	1	1	0.005000	0.005000	-1	0.010190	-0.005102	0.003663	2	1	0.005000	0.005000	-1	0.015038	-0.005101	0.003732	

0.160000	0	1	0.004498	0.006178	-1	0.005000	-0.005100	0.003660	1	1	0.005000	0.005000	-1	0.010189	-0.005102	0.003667	2	1	0.005000	0.005000	-1	0.015036	-0.005100	0.003741	

0.161000	0	1	0.004498	0.006179	-1	0.005000	-0.005100	0.003660	1	1	0.005000	0.005000	-1	0.010188	-0.005100	0.003671	2	1	0.005000	0.005000	-1	0.015035	-0.005100	0.003750	

0.162000	0	1	0.004497	0.006180	-1	0.005000	-0.005100	0.003660	1	1	0.005000	0.005000	-1	0.010187	-0.005098	0.003672	2	1	0.005000	0.005000	-1	0.015034	-0.005099	0.003757	

0.163000	0	1	0.004497	0.006181	-1	0.005000	-0.005100	0.003660	1	1	0.005000	0.005000	-1	0.010186	-0.005098	0.003668	2	1	0.005000	0.005000	-1	0.015033	-0.005098	0.003762	

0.164000	0	1	0.004497	0.006182	-1	0.005000	-0.005100	0.003660	1	1	0.005000	0.005000	-1	0.010185	-0.005100	0.003664	2	1	0.005000	0.005000	-1	0.015031	-0.005098	0.003766	

0.165000	0	1	0.004496	0.006183	-1	0.005000	-0.005100	0.003660	1	1	0.005000	0.005000	-1	0.010184	-0.005102	0.003665	2	1	0.005000	0.005000	-1	0.015030	-0.005098	0.003767	

0.166000	0	1	0.004496	0.006184	-1	0.005000	-0.005100	0.003660	1	1	0.005000	0.005000	-1	0.010183	-0.005102	0.003669	2	1	0.005000	0.005000	-1	0.015029	-0.005098	0.003767	

0.167000	0	1	0.004496	0.006184	-1	0.005000	-0.005100	0.003660	1	1	0.005000	0.005000	-1	0.010182	-0.005100	0.003672	2	1	0.005000	0.005000	-1	0.015028	-0.005098	0.003765	

0.168000	0	1	0.004495	0.006185	-1	0.005000	-0.005100	0.003660	1	1	0.005000	0.005000	-1	0.010181	-0.005098	0.003671	2	1	0.005000	0.005000	-1	0.015026	-0.005098	0.003763	

0.169000	0	1	0.004495	0.006186	-1	0.005000	-0.005100	0.003660	1	1	0.005000	0.005000	-1	0.010180	-0.005099	0.003667	2	1	0.005000	0.005000	-1	0.015025	-0.005099	0.003761	

0.170000	0	1	0.004495	0.006187	-1	0.005000	-0.005100	0.003660	1	1	0.005000	0.005000	-1	0.010179	-0.005100	0.003664	2	1	0.005000	0.005000	-1	0.015024	-0.005100	0.003759	

0.171000	0	1	0.004494	0.006188	-1	0.005000	-0.005100	0.003660	1	1	0.005000	0.005000	-1	0.010178	-0.005102	0.003666	2	1	0.005000	0.005000	-1	0.015023	-0.005100	0.003759	

0.172000	0	1	0.004494	0.006189	-1	0.005000	-0.005100	0.003660	1	1	0.005000	0.005000	-1	0.010177	-0.005101	0.003670	2	1	0.005000	0.005000	-1	0.015022	-0.005101	0.003759	

0.173000	0	1	0.004494	0.006189	-1	0.005000	-0.005100	0.003660	1	1	0.005000	0.005000	-1	0.010176	-0.005099	0.003673	2	1	0.005000	0.005000	-1	0.015021	-0.005102	0.003762	

0.174000	0	1	0.004494	0.006190	-1	0.005000	-0.005100	0.003660	1	1	0.005000	0.005000	-1	0.010175	-0.005098	0.003671	2	1	0.005000	0.005000	-1	0.015020	-0.005102	0.003767	

0.175000	0	1	0.004493	0.006191	-1	0.005000	-0.005100	0.003660	1	1	0.005000	0.005000	-1	0.010174	-0.005099	0.003667	2	1	0.005000	0.005000	-1	0.015019	-0.005103	0.003773	

0.176000	0	1	0.004493	0.006192	-1	0.005000	-0.005100	0.003660	1	1	0.005000	0.005000	-1	0.010173	-0.005101	0.003664	2	1	0.005000	0.005000	-1	0.015018	-0.005103	0.003782	

0.177000	0	1	0.004493	0.006193	-1	0.005000	-0.005100	0.003660	1	1	0.005000	0.005000	-1	0.010172	-0.005102	0.003666	2	1	0.005000	0.005000	-1	0.015017	-0.005103	0.003792	

0.178000	0	1	0.004492	0.006193	-1	0.005000	-0.005100	0.003660	1	1	0.005000	0.005000	-1	0.010171	-0.005101	0.003671	2	1	0.005000	0.005000	-1	0.015016	-0.005103	0.003804	

0.179000	0	1	0.004492	0.006194	-1	0.005000	-0.005100	0.003660	1	1	0.005000	0.005000	-1	0.010170	-0.005099	0.003673	2	1	0.005000	0.005000	-1	0.015014	-0.005102	0.003817	

0.180000	0	1	0.004492	0.006195	-1	0.005000	-0.005100	0.003660	1	1	0.005000	0.005000	-1	0.010169	-0.005098	0.003671	2	1	0.005000	0.005000	-1	0.015013	-0.005102	0.003831	

0.181000	0	1	0.004492	0.006195	-1	0.005000	-0.005100	0.003660	1	1	0.005000	0.005000	-1	0.010169	-0.005099	0.003667	2	1	0.005000	0.005000	-1	0.015012	-0.005101	0.003846	

0.182000	0	1	0.004491	0.006196	-1	0.005000	-0.005100	0.003660	1	1	0.005000	0.005000	-1	0.010168	-0.005101	0.003667	2	1	0.005000	0.005000	-1	0.015011	-0.005100	0.003858	

0.183000	0	1	0.004491	0.006197	-1	0.005000	-0.005100	0.003660	1	1	0.005000	0.005000	-1	0.010167	-0.005103	0.003670	2	1	0.005000	0.005000	-1	0.015010	-0.005099	0.003871	

0.184000	0	1	0.004491	0.006197	-1	0.005000	-0.005100	0.003660	1	1	0.005000	0.005000	-1	0.010166	-0.005101	0.003673	2	1	0.005000	0.005000	-1	0.015010	-0.005099	0.003882	

0.185000	0	1	0.004491	0.006198	-1	0.005000	-0.005100	0.003660	1	1	0.005000	0.005000	-1	0.010165	-0.005097	0.003675	2	1	0.005000	0.005000	-1	0.015009	-0.005099	0.003891	

0.186000	0	1	0.004491	0.006199	-1	0.005000	-0.005100	0.003660	1	1	0.005000	0.005000	-1	0.010164	-0.005097	0.003670	2	1	0.005000	0.005000	-1	0.015008	-0.005100	0.003901	

0.187000	0	1	0.004490	0.006199	-1	0.005000	-0.005100	0.003660	1	1	0.005000	0.005000	-1	0.010163	-0.005099	0.003666	2	1	0.005000	0.005000	-1	0.015007	-0.005100	0.003911	

0.188000	0	1	0.004490	0.006200	-1	0.005000	-0.005100	0.003660	1	1	0.005000	0.005000	-1	0.010162	-0.005101	0.003666	2	1	0.005000	0.005000	-1	0.015006	-0.005102	0.003919	

0.189000	0	1	0.004490	0.006200	-1	0.005000	-0.005100	0.003660	1	1	0.005000	0.005000	-1	0.010161	-0.005102	0.003669	2	1	0.005000	0.005000	-1	0.015005	-0.005103	0.003930	

0.190000	0	1	0.004490	0.006201	-1	0.005000	-0.005100	0.003660	1	1	0.005000	0.005000	-1	0.010161	-0.005101	0.003672	2	1	0.005000	0.005000	-1	0.015004	-0.005104	0.003941	

0.191000	0	1	0.004489	0.006202	-1	0.005000	-0.005100	0.003660	1	1	0.005000	0.005000	-1	0.010160	-0.005099	0.003672	2	1	0.005000	0.005000	-1	0.015003	-0.005105	0.003955	

0.192000	0	1	0.004489	0.006202	-1	0.005000	-0.005100	0.003660	1	1	0.005000	0.005000	-1	0.010159	-0.005098	0.003669	2	1	0.005000	0.005000	-1	0.015002	-0.005106	0.003971	

0.193000	0	1	0.004489	0.006203	-1	0.005000	-0.005100	0.003660	1	1	0.005000	0.005000	-1	0.010158	-0.005099	0.003666	2	1	0.005000	0.005000	-1	0.015001	-0.005107	0.003988	

0.194000	0	1	0.004489	0.006203	-1	0.005000	-0.005100	0.003660	1	1	0.005000	0.005000	-1	0.010157	-0.005101	0.003666	2	1	0.005000	0.005000	-1	0.015000	-0.005107	0.004008	

0.195000	0	1	0.004489	0.006204	-1	0.005000	-0.005100	0.003660	1	1	0.005000	0.005000	-1	0.010156	-0.005102	0.003669	2	1	0.005000	0.005000	-1	0.014999	-0.005108	0.004029	

0.196000	0	1	0.004488	0.006204	-1	0.005000	-0.005100	0.003660	1	1	0.005000	0.005000	-1	0.010155	-0.005102	0.003672	2	1	0.005000	0.005000	-1	0.014999	-0.005108	0.004052	

0.197000	0	1	0.004488	0.006205	-1	0.005000	-0.005100	0.003660	1	1	0.005000	0.005000	-1	0.010154	-0.005100	0.003673	2	1	0.005000	0.005000	-1	0.014998	-0.005108	0.004076	

0.198000	0	1	0.004488	0.006205	-1	0.005000	-0.005100	0.003660	1	1	0.005000	0.005000	-1	0.010154	-0.005098	0.003670	2	1	0.005000	0.005000	-1	0.014997	-0.005108	0.004100	

0.199000	0	1	0.004488	0.006206	-1	0.005000	-0.005100	0.003660	1	1	0.005000	0.005000	-1	0.010153	-0.005098	0.003667	2	1	0.005000	0.005000	-1	0.014996	-0.005108	0.004124	

0.200000	0	1	0.004488	0.006206	-1	0.005000	-0.005100	0.003660	1	1	0.005000	0.005000	-1	0.010152	-0.005100	0.003666	2	1	0.005000	0.005000	-1	0.014995	-0.005108	0.004147	

0.201000	0	1	0.004488	0.006207	-1	0.005000	-0.005100	0.003660	1	1	0.005000	0.005000	-1	0.010151	-0.005101	0.003672	2	1	0.005000	0.005000	-1	0.014994	-0.005108	0.004164	

0.202000	0	1	0.004487	0.006207	-1	0.005000	-0.005100	0.003660	1	1	0.005000	0.005000	-1	0.010150	-0.005101	0.003678	2	1	0.005000	0.005000	-1	0.014993	-0.005109	0.004177	

0.203000	0	1	0.004487	0.006208	-1	0.005000	-0.005100	0.003660	1	1	0.005000	0.005000	-1	0.010149	-0.005100	0.003676	2	1	0.005000	0.005000	-1	0.014992	-0.005109	0.004188	

0.204000	0	1	0.004487	0.006208	-1	0.005000	-0.005100	0.003660	1	1	0.005000	0.005000	-1	0.010149	-0.005099	0.003669	2	1	0.005000	0.005000	-1	0.014991	-0.005109	0.004197	

0.205000	0	1	0.004487	0.006209	-1	0.005000	-0.005100	0.003660	1	1	0.005000	0.005000	-1	0.010148	-0.005099	0.003663	2	1	0.005000	0.005000	-1	0.014991	-0.005109	0.004205	

0.206000	0	1	0.004487	0.006209	-1	0.005000	-0.005100	0.003660	1	1	0.005000	0.005000	-1	0.010147	-0.005101	0.003664	2	1	0.005000	0.005000	-1	0.014990	-0.005109	0.004212	

0.207000	0	1	0.004487	0.006209	-1	0.005000	-0.005100	0.003660	1	1	0.005000	0.005000	-1	0.010146	-0.005101	0.003671	2	1	0.005000	0.005000	-1	0.014989	-0.005109	0.004219	

0.208000	0	1	0.004486	0.006210	-1	0.005000	-0.005100	0.003660	1	1	0.005000	0.005000	-1	0.010145	-0.005101	0.003677	2	1	0.005000	0.005000	-1	0.014988	-0.005108	0.004227	

0.209000	0	1	0.004486	0.006210	-1	0.005000	-0.005100	0.003660	1	1	0.005000	0.005000	-1	0.010144	-0.005100	0.003677	2	1	0.005000	0.005000	-1	0.014987	-0.005108	0.004236	

0.210000	0	1	0.004486	0.006211	-1	0.005000	-0.005100	0.003660	1	1	0.005000	0.005000	-1	0.010144	-0.005099	0.003671	2	1	0.005000	0.005000	-1	0.014986	-0.005107	0.004248	

0.211000	0	1	0.004486	0.006211	-1	0.005000	-0.005100	0.003660	1	1	0.005000	0.005000	-1	0.010143	-0.005099	0.003665	2	1	0.005000	0.005000	-1	0.014986	-0.005106	0.004261	

0.212000	0	1	0.004486	0.006211	-1	0.005000	-0.005100	0.003660	1	1	0.005000	0.005000	-1	0.010142	-0.005100	0.003663	2	1	0.005000	0.005000	-1	0.014985	-0.005105	0.004276	

0.213000	0	1	0.004486	0.006212	-1	0.005000	-0.005100	0.003660	1	1	0.005000	0.005000	-1	0.010141	-0.005101	0.003667	2	1	0.005000	0.005000	-1	0.014984	-0.005104	0.004293	

0.214000	0	1	0.004486	0.006212	-1	0.005000	-0.005100	0.003660	1	1	0.005000	0.005000	-1	0.010140	-0.005101	0.003674	2	1	0.005000	0.005000	-1	0.014983	-0.005103	0.004311	

0.215000	0	1	0.004486	0.006212	-1	0.005000	-0.005100	0.003660	1	1	0.005000	0.005000	-1	0.010139	-0.005100	0.003678	2	1	0.005000	0.005000	-1	0.014982	-0.005102	0.004328	

0.216000	0	1	0.004485	0.006213	-1	0.005000	-0.005100	0.003660	1	1	0.005000	0.005000	-1	0.010139	-0.005099	0.003675	2	1	0.005000	0.005000	-1	0.014981	-0.005101	0.004345	

0.217000	0	1	0.004485	0.006213	-1	0.005000	-0.005100	0.003660	1	1	0.005000	0.005000	-1	0.010138	-0.005099	0.003669	2	1	0.005000	0.005000	-1	0.014981	-0.005100	0.004360	

0.218000	0	1	0.004485	0.006213	-1	0.005000	-0.005100	0.003660	1	1	0.005000	0.005000	-1	0.010137	-0.005100	0.003664	2	1	0.005000	0.005000	-1	0.014980	-0.005099	0.004372	

0.219000	0	1	0.004485	0.006214	-1	0.005000	-0.005100	0.003660	1	1	0.005000	0.005000	-1	0.010136	-0.005101	0.003665	2	1	0.005000	0.005000	-1	0.014979	-0.005098	0.004381	

0.220000	0	1	0.004485	0.006214	-1	0.005000	-0.005100	0.003660	1	1	0.005000	0.005000	-1	0.010135	-0.005101	0.003671	2	1	0.005000	0.005000	-1	0.014978	-0.005097	0.004388	

0.221000	0	1	0.004485	0.006214	-1	0.005000	-0.005100	0.003660	1	1	0.005000	0.005000	-1	0.010135	-0.005101	0.003677	2	1	0.005000	0.005000	-1	0.014977	-0.005096	0.004393	

0.222000	0	1	0.004485	0.006215	-1	0.005000	-0.005100	0.003660	1	1	0.005000	0.005000	-1	0.010134	-0.005100	0.003678	2	1	0.005000	0.005000	-1	0.014976	-0.005095	0.004397	

0.223000	0	1	0.004485	0.006215	-1	0.005000	-0.005100	0.003660	1	1	0.005000	0.005000	-1	0.010133	-0.005099	0.003674	2	1	0.005000	0.005000	-1	0.014976	-0.005095	0.004402	

0.224000	0	1	0.004484	0.006215	-1	0.005000	-0.005100	0.003660	1	1	0.005000	0.005000	-1	0.010132	-0.005099	0.003667	2	1	0.005000	0.005000	-1	0.014975	-0.005094	0.004408	

0.225000	0	1	0.004484	0.006216	-1	0.005000	-0.005100	0.003660	1	1	0.005000	0.005000	-1	0.010131	-0.005100	0.003664	2	1	0.005000	0.005000	-1	0.014974	-0.005093	0.004416	

0.226000	0	1	0.004484	0.006216	-1	0.005000	-0.005100	0.003660	1	1	0.005000	0.005000	-1	0.010131	-0.005101	0.003667	2	1	0.005000	0.005000	-1	0.014973	-0.005092	0.004427	

0.227000	0	1	0.004484	0.006216	-1	0.005000	-0.005100	0.003660	1	1	0.005000	0.005000	-1	0.010130	-0.005101	0.003673	2	1	0.005000	0.005000	-1	0.014972	-0.005092	0.004440	

0.228000	0	1	0.004484	0.006217	-1	0.005000	-0.005100	0.003660	1	1	0.005000	0.005000	-1	0.010129	-0.005100	0.003678	2	1	0.005000	0.005000	-1	0.014972	-0.005091	0.004454	

0.229000	0	1	0.004484	0.006217	-1	0.005000	-0.005100	0.003660	1	1	0.005000	0.005000	-1	0.010128	-0.005099	0.003678	2	1	0.005000	0.005000	-1	0.014971	-0.005091	0.004469	

0.230000	0	1	0.004484	0.006217	-1	0.005000	-0.005100	0.003660	1	1	0.005000	0.005000	-1	0.010128	-0.005099	0.003672	2	1	0.005000	0.005000	-1	0.014970	-0.005090	0.004483	

