MHUs:	3
Time	Unit	Type	Dimension1	Dimension2	Dimension3	LocationX	LocationY	LocationZ	Unit	Type	Dimension1	Dimension2	Dimension3	LocationX	LocationY	LocationZ	Unit	Type	Dimension1	Dimension2	Dimension3	LocationX	LocationY	LocationZ	
0.000000	0	1	0.005000	0.005000	-1	0.005000	-0.005100	0.003660	1	1	0.005000	0.005000	-1	0.010000	-0.005100	0.003660	2	1	0.005000	0.005000	-1	0.015000	-0.005100	0.003660	

0.001000	0	1	0.005006	0.005006	-1	0.005000	-0.005100	0.003660	1	1	0.005006	0.005006	-1	0.010006	-0.005100	0.003663	2	1	0.005006	0.005006	-1	0.015012	-0.005101	0.003663	

0.002000	0	1	0.004973	0.005012	-1	0.005000	-0.005100	0.003660	1	1	0.005012	0.005012	-1	0.010012	-0.005104	0.003673	2	1	0.005012	0.005012	-1	0.015022	-0.005107	0.003667	

0.003000	0	1	0.004942	0.005018	-1	0.005000	-0.005100	0.003660	1	1	0.005018	0.005018	-1	0.010017	-0.005110	0.003685	2	1	0.005018	0.005018	-1	0.015033	-0.005119	0.003677	

0.004000	0	1	0.004912	0.005024	-1	0.005000	-0.005100	0.003660	1	1	0.005023	0.005025	-1	0.010023	-0.005114	0.003693	2	1	0.005023	0.005025	-1	0.015044	-0.005125	0.003683	

0.005000	0	1	0.004883	0.005030	-1	0.005000	-0.005100	0.003660	1	1	0.005028	0.005031	-1	0.010028	-0.005116	0.003696	2	1	0.005028	0.005031	-1	0.015054	-0.005128	0.003685	

0.006000	0	1	0.004855	0.005035	-1	0.005000	-0.005100	0.003660	1	1	0.005033	0.005036	-1	0.010033	-0.005117	0.003699	2	1	0.005033	0.005036	-1	0.015064	-0.005131	0.003686	

0.007000	0	1	0.004828	0.005041	-1	0.005000	-0.005100	0.003660	1	1	0.005038	0.005042	-1	0.010038	-0.005118	0.003701	2	1	0.005038	0.005042	-1	0.015074	-0.005133	0.003687	

0.008000	0	1	0.004803	0.005046	-1	0.005000	-0.005100	0.003660	1	1	0.005043	0.005048	-1	0.010043	-0.005118	0.003703	2	1	0.005043	0.005048	-1	0.015083	-0.005134	0.003688	

0.009000	0	1	0.004778	0.005051	-1	0.005000	-0.005100	0.003660	1	1	0.005047	0.005054	-1	0.010047	-0.005118	0.003704	2	1	0.005047	0.005054	-1	0.015092	-0.005136	0.003687	

0.010000	0	1	0.004755	0.005056	-1	0.005000	-0.005100	0.003660	1	1	0.005052	0.005060	-1	0.010052	-0.005118	0.003704	2	1	0.005052	0.005060	-1	0.015101	-0.005137	0.003686	

0.011000	0	1	0.004732	0.005061	-1	0.005000	-0.005100	0.003660	1	1	0.005056	0.005066	-1	0.010056	-0.005118	0.003704	2	1	0.005056	0.005066	-1	0.015110	-0.005138	0.003686	

0.012000	0	1	0.004710	0.005066	-1	0.005000	-0.005100	0.003660	1	1	0.005060	0.005071	-1	0.010060	-0.005119	0.003705	2	1	0.005060	0.005071	-1	0.015118	-0.005140	0.003685	

0.013000	0	1	0.004689	0.005071	-1	0.005000	-0.005100	0.003660	1	1	0.005064	0.005077	-1	0.010064	-0.005118	0.003704	2	1	0.005064	0.005077	-1	0.015127	-0.005141	0.003682	

0.014000	0	1	0.004669	0.005076	-1	0.005000	-0.005100	0.003660	1	1	0.005067	0.005082	-1	0.010068	-0.005117	0.003703	2	1	0.005067	0.005082	-1	0.015134	-0.005141	0.003679	

0.015000	0	1	0.004650	0.005080	-1	0.005000	-0.005100	0.003660	1	1	0.005071	0.005088	-1	0.010071	-0.005117	0.003703	2	1	0.005071	0.005088	-1	0.015142	-0.005141	0.003677	

0.016000	0	1	0.004631	0.005085	-1	0.005000	-0.005100	0.003660	1	1	0.005074	0.005093	-1	0.010075	-0.005117	0.003702	2	1	0.005074	0.005093	-1	0.015149	-0.005139	0.003678	

0.017000	0	1	0.004614	0.005089	-1	0.005000	-0.005100	0.003660	1	1	0.005077	0.005099	-1	0.010078	-0.005118	0.003703	2	1	0.005077	0.005099	-1	0.015157	-0.005140	0.003679	

0.018000	0	1	0.004596	0.005094	-1	0.005000	-0.005100	0.003660	1	1	0.005081	0.005104	-1	0.010081	-0.005119	0.003705	2	1	0.005081	0.005104	-1	0.015163	-0.005141	0.003681	

0.019000	0	1	0.004580	0.005098	-1	0.005000	-0.005100	0.003660	1	1	0.005084	0.005110	-1	0.010084	-0.005121	0.003705	2	1	0.005084	0.005110	-1	0.015170	-0.005143	0.003680	

0.020000	0	1	0.004564	0.005102	-1	0.005000	-0.005100	0.003660	1	1	0.005087	0.005115	-1	0.010087	-0.005121	0.003702	2	1	0.005087	0.005115	-1	0.015176	-0.005144	0.003676	

0.021000	0	1	0.004549	0.005106	-1	0.005000	-0.005100	0.003660	1	1	0.005089	0.005120	-1	0.010090	-0.005118	0.003699	2	1	0.005089	0.005120	-1	0.015182	-0.005142	0.003672	

0.022000	0	1	0.004535	0.005110	-1	0.005000	-0.005100	0.003660	1	1	0.005092	0.005125	-1	0.010093	-0.005113	0.003698	2	1	0.005092	0.005125	-1	0.015188	-0.005137	0.003670	

0.023000	0	1	0.004521	0.005114	-1	0.005000	-0.005100	0.003660	1	1	0.005095	0.005130	-1	0.010095	-0.005106	0.003699	2	1	0.005095	0.005130	-1	0.015194	-0.005131	0.003670	

0.024000	0	1	0.004507	0.005118	-1	0.005000	-0.005100	0.003660	1	1	0.005097	0.005136	-1	0.010098	-0.005097	0.003701	2	1	0.005097	0.005136	-1	0.015199	-0.005123	0.003670	

0.025000	0	1	0.004495	0.005122	-1	0.005000	-0.005100	0.003660	1	1	0.005100	0.005141	-1	0.010100	-0.005090	0.003703	2	1	0.005100	0.005141	-1	0.015205	-0.005114	0.003670	

0.026000	0	1	0.004482	0.005126	-1	0.005000	-0.005100	0.003660	1	1	0.005102	0.005146	-1	0.010102	-0.005085	0.003703	2	1	0.005102	0.005146	-1	0.015210	-0.005105	0.003669	

0.027000	0	1	0.004470	0.005129	-1	0.005000	-0.005100	0.003660	1	1	0.005104	0.005151	-1	0.010104	-0.005083	0.003704	2	1	0.005104	0.005151	-1	0.015215	-0.005101	0.003668	

0.028000	0	1	0.004459	0.005133	-1	0.005000	-0.005100	0.003660	1	1	0.005106	0.005156	-1	0.010106	-0.005083	0.003706	2	1	0.005106	0.005156	-1	0.015219	-0.005099	0.003668	

0.029000	0	1	0.004448	0.005137	-1	0.005000	-0.005100	0.003660	1	1	0.005108	0.005160	-1	0.010108	-0.005086	0.003708	2	1	0.005108	0.005160	-1	0.015224	-0.005099	0.003669	

0.030000	0	1	0.004438	0.005140	-1	0.005000	-0.005100	0.003660	1	1	0.005111	0.005165	-1	0.010110	-0.005092	0.003711	2	1	0.005111	0.005165	-1	0.015228	-0.005102	0.003670	

0.031000	0	1	0.004428	0.005144	-1	0.005000	-0.005100	0.003660	1	1	0.005112	0.005170	-1	0.010112	-0.005099	0.003715	2	1	0.005112	0.005170	-1	0.015232	-0.005103	0.003671	

0.032000	0	1	0.004418	0.005147	-1	0.005000	-0.005100	0.003660	1	1	0.005114	0.005175	-1	0.010113	-0.005104	0.003714	2	1	0.005114	0.005175	-1	0.015236	-0.005104	0.003668	

0.033000	0	1	0.004409	0.005150	-1	0.005000	-0.005100	0.003660	1	1	0.005116	0.005180	-1	0.010115	-0.005105	0.003699	2	1	0.005116	0.005180	-1	0.015239	-0.005103	0.003654	

0.034000	0	1	0.004400	0.005154	-1	0.005000	-0.005100	0.003660	1	1	0.005118	0.005184	-1	0.010116	-0.005101	0.003653	2	1	0.005118	0.005184	-1	0.015243	-0.005101	0.003666	

0.035000	0	1	0.004391	0.005157	-1	0.005000	-0.005100	0.003660	1	1	0.005119	0.005189	-1	0.010118	-0.005096	0.003629	2	1	0.005119	0.005189	-1	0.015246	-0.005098	0.003673	

0.036000	0	1	0.004383	0.005160	-1	0.005000	-0.005100	0.003660	1	1	0.005121	0.005193	-1	0.010119	-0.005095	0.003665	2	1	0.005121	0.005193	-1	0.015250	-0.005096	0.003651	

0.037000	0	1	0.004375	0.005163	-1	0.005000	-0.005100	0.003660	1	1	0.005123	0.005198	-1	0.010120	-0.005098	0.003697	2	1	0.005123	0.005198	-1	0.015253	-0.005096	0.003654	

0.038000	0	1	0.004368	0.005166	-1	0.005000	-0.005100	0.003660	1	1	0.005124	0.005202	-1	0.010122	-0.005101	0.003682	2	1	0.005124	0.005202	-1	0.015256	-0.005101	0.003698	

0.039000	0	1	0.004360	0.005169	-1	0.005000	-0.005100	0.003660	1	1	0.005126	0.005207	-1	0.010123	-0.005103	0.003670	2	1	0.005126	0.005207	-1	0.015259	-0.005105	0.003711	

0.040000	0	1	0.004353	0.005172	-1	0.005000	-0.005100	0.003660	1	1	0.005127	0.005211	-1	0.010124	-0.005103	0.003685	2	1	0.005127	0.005211	-1	0.015261	-0.005104	0.003666	

0.041000	0	1	0.004347	0.005175	-1	0.005000	-0.005100	0.003660	1	1	0.005128	0.005216	-1	0.010125	-0.005096	0.003671	2	1	0.005128	0.005216	-1	0.015264	-0.005106	0.003644	

0.042000	0	1	0.004340	0.005178	-1	0.005000	-0.005100	0.003660	1	1	0.005130	0.005220	-1	0.010126	-0.005098	0.003639	2	1	0.005130	0.005220	-1	0.015266	-0.005096	0.003662	

0.043000	0	1	0.004334	0.005181	-1	0.005000	-0.005100	0.003660	1	1	0.005131	0.005224	-1	0.010126	-0.005100	0.003648	2	1	0.005131	0.005224	-1	0.015269	-0.005091	0.003672	

0.044000	0	1	0.004328	0.005184	-1	0.005000	-0.005100	0.003660	1	1	0.005132	0.005228	-1	0.010127	-0.005096	0.003691	2	1	0.005132	0.005228	-1	0.015271	-0.005100	0.003664	

0.045000	0	1	0.004323	0.005186	-1	0.005000	-0.005100	0.003660	1	1	0.005133	0.005233	-1	0.010128	-0.005097	0.003700	2	1	0.005133	0.005233	-1	0.015273	-0.005106	0.003681	

0.046000	0	1	0.004317	0.005189	-1	0.005000	-0.005100	0.003660	1	1	0.005134	0.005237	-1	0.010129	-0.005104	0.003676	2	1	0.005134	0.005237	-1	0.015275	-0.005105	0.003698	

0.047000	0	1	0.004312	0.005192	-1	0.005000	-0.005100	0.003660	1	1	0.005135	0.005241	-1	0.010129	-0.005103	0.003669	2	1	0.005135	0.005241	-1	0.015277	-0.005103	0.003673	

0.048000	0	1	0.004307	0.005194	-1	0.005000	-0.005100	0.003660	1	1	0.005136	0.005245	-1	0.010130	-0.005100	0.003666	2	1	0.005136	0.005245	-1	0.015278	-0.005099	0.003642	

0.049000	0	1	0.004302	0.005197	-1	0.005000	-0.005100	0.003660	1	1	0.005137	0.005249	-1	0.010130	-0.005096	0.003651	2	1	0.005137	0.005249	-1	0.015280	-0.005096	0.003652	

0.050000	0	1	0.004298	0.005200	-1	0.005000	-0.005100	0.003660	1	1	0.005138	0.005253	-1	0.010131	-0.005095	0.003660	2	1	0.005138	0.005253	-1	0.015281	-0.005097	0.003672	

0.051000	0	1	0.004293	0.005202	-1	0.005000	-0.005100	0.003660	1	1	0.005139	0.005257	-1	0.010131	-0.005098	0.003687	2	1	0.005139	0.005257	-1	0.015283	-0.005101	0.003681	

0.052000	0	1	0.004289	0.005205	-1	0.005000	-0.005100	0.003660	1	1	0.005140	0.005261	-1	0.010132	-0.005103	0.003695	2	1	0.005140	0.005261	-1	0.015284	-0.005104	0.003687	

0.053000	0	1	0.004285	0.005207	-1	0.005000	-0.005100	0.003660	1	1	0.005141	0.005265	-1	0.010132	-0.005106	0.003677	2	1	0.005141	0.005265	-1	0.015285	-0.005103	0.003684	

0.054000	0	1	0.004281	0.005210	-1	0.005000	-0.005100	0.003660	1	1	0.005142	0.005269	-1	0.010132	-0.005101	0.003659	2	1	0.005142	0.005269	-1	0.015287	-0.005102	0.003665	

0.055000	0	1	0.004277	0.005212	-1	0.005000	-0.005100	0.003660	1	1	0.005143	0.005272	-1	0.010132	-0.005096	0.003655	2	1	0.005143	0.005272	-1	0.015288	-0.005099	0.003647	

0.056000	0	1	0.004273	0.005214	-1	0.005000	-0.005100	0.003660	1	1	0.005144	0.005276	-1	0.010133	-0.005096	0.003657	2	1	0.005144	0.005276	-1	0.015289	-0.005095	0.003656	

0.057000	0	1	0.004270	0.005217	-1	0.005000	-0.005100	0.003660	1	1	0.005144	0.005280	-1	0.010133	-0.005100	0.003668	2	1	0.005144	0.005280	-1	0.015289	-0.005096	0.003677	

0.058000	0	1	0.004267	0.005219	-1	0.005000	-0.005100	0.003660	1	1	0.005145	0.005284	-1	0.010133	-0.005101	0.003688	2	1	0.005145	0.005284	-1	0.015290	-0.005103	0.003685	

0.059000	0	1	0.004263	0.005221	-1	0.005000	-0.005100	0.003660	1	1	0.005146	0.005287	-1	0.010133	-0.005103	0.003692	2	1	0.005146	0.005287	-1	0.015291	-0.005107	0.003682	

0.060000	0	1	0.004260	0.005223	-1	0.005000	-0.005100	0.003660	1	1	0.005147	0.005291	-1	0.010133	-0.005104	0.003671	2	1	0.005147	0.005291	-1	0.015292	-0.005102	0.003675	

0.061000	0	1	0.004257	0.005226	-1	0.005000	-0.005100	0.003660	1	1	0.005147	0.005295	-1	0.010133	-0.005101	0.003656	2	1	0.005147	0.005295	-1	0.015292	-0.005097	0.003661	

0.062000	0	1	0.004255	0.005228	-1	0.005000	-0.005100	0.003660	1	1	0.005148	0.005298	-1	0.010133	-0.005096	0.003658	2	1	0.005148	0.005298	-1	0.015292	-0.005097	0.003651	

0.063000	0	1	0.004252	0.005230	-1	0.005000	-0.005100	0.003660	1	1	0.005148	0.005302	-1	0.010133	-0.005096	0.003665	2	1	0.005148	0.005302	-1	0.015293	-0.005097	0.003663	

0.064000	0	1	0.004249	0.005232	-1	0.005000	-0.005100	0.003660	1	1	0.005149	0.005305	-1	0.010133	-0.005101	0.003677	2	1	0.005149	0.005305	-1	0.015293	-0.005099	0.003681	

0.065000	0	1	0.004247	0.005234	-1	0.005000	-0.005100	0.003660	1	1	0.005150	0.005309	-1	0.010133	-0.005103	0.003687	2	1	0.005150	0.005309	-1	0.015293	-0.005103	0.003686	

0.066000	0	1	0.004244	0.005236	-1	0.005000	-0.005100	0.003660	1	1	0.005150	0.005312	-1	0.010133	-0.005102	0.003683	2	1	0.005150	0.005312	-1	0.015294	-0.005105	0.003678	

0.067000	0	1	0.004242	0.005238	-1	0.005000	-0.005100	0.003660	1	1	0.005151	0.005315	-1	0.010132	-0.005101	0.003665	2	1	0.005151	0.005315	-1	0.015294	-0.005101	0.003667	

0.068000	0	1	0.004240	0.005240	-1	0.005000	-0.005100	0.003660	1	1	0.005151	0.005319	-1	0.010132	-0.005097	0.003655	2	1	0.005151	0.005319	-1	0.015294	-0.005097	0.003657	

0.069000	0	1	0.004238	0.005242	-1	0.005000	-0.005100	0.003660	1	1	0.005152	0.005322	-1	0.010132	-0.005096	0.003659	2	1	0.005152	0.005322	-1	0.015294	-0.005095	0.003659	

0.070000	0	1	0.004236	0.005244	-1	0.005000	-0.005100	0.003660	1	1	0.005152	0.005325	-1	0.010132	-0.005098	0.003671	2	1	0.005152	0.005325	-1	0.015294	-0.005098	0.003672	

0.071000	0	1	0.004234	0.005246	-1	0.005000	-0.005100	0.003660	1	1	0.005153	0.005329	-1	0.010131	-0.005101	0.003683	2	1	0.005153	0.005329	-1	0.015293	-0.005103	0.003683	

0.072000	0	1	0.004232	0.005248	-1	0.005000	-0.005100	0.003660	1	1	0.005153	0.005332	-1	0.010131	-0.005104	0.003684	2	1	0.005153	0.005332	-1	0.015293	-0.005105	0.003684	

0.073000	0	1	0.004230	0.005250	-1	0.005000	-0.005100	0.003660	1	1	0.005154	0.005335	-1	0.010131	-0.005103	0.003673	2	1	0.005154	0.005335	-1	0.015293	-0.005104	0.003673	

0.074000	0	1	0.004228	0.005252	-1	0.005000	-0.005100	0.003660	1	1	0.005154	0.005338	-1	0.010130	-0.005099	0.003661	2	1	0.005154	0.005338	-1	0.015293	-0.005099	0.003660	

0.075000	0	1	0.004227	0.005254	-1	0.005000	-0.005100	0.003660	1	1	0.005155	0.005341	-1	0.010130	-0.005096	0.003657	2	1	0.005155	0.005341	-1	0.015292	-0.005096	0.003656	

0.076000	0	1	0.004225	0.005256	-1	0.005000	-0.005100	0.003660	1	1	0.005155	0.005345	-1	0.010130	-0.005096	0.003665	2	1	0.005155	0.005345	-1	0.015292	-0.005096	0.003665	
