MHUs:	2
Time	Unit	Type	Dimension1	Dimension2	Dimension3	LocationX	LocationY	LocationZ	Unit	Type	Dimension1	Dimension2	Dimension3	LocationX	LocationY	LocationZ	
0.000000	0	1	0.005000	0.005000	-1	0.005000	-0.005100	0.003660	1	1	0.005000	0.005000	-1	0.005000	0.000000	-0.005100	

0.001000	0	1	0.005000	0.005000	-1	0.005000	-0.005100	0.003660	1	1	0.005000	0.005000	-1	0.005000	0.000000	-0.005095	

0.002000	0	1	0.005000	0.005000	-1	0.005000	-0.005100	0.003660	1	1	0.004987	0.005026	-1	0.005000	0.000000	-0.005082	

0.003000	0	1	0.005000	0.005000	-1	0.005000	-0.005100	0.003660	1	1	0.004974	0.005051	-1	0.005000	0.000000	-0.005058	

0.004000	0	1	0.005000	0.005000	-1	0.005000	-0.005100	0.003660	1	1	0.004962	0.005076	-1	0.005000	0.000000	-0.005026	

0.005000	0	1	0.005000	0.005000	-1	0.005000	-0.005100	0.003660	1	1	0.004951	0.005100	-1	0.005000	0.000000	-0.004984	

0.006000	0	1	0.005000	0.005000	-1	0.005000	-0.005100	0.003660	1	1	0.004939	0.005123	-1	0.005000	0.000000	-0.004934	

0.007000	0	1	0.005000	0.005000	-1	0.005000	-0.005100	0.003660	1	1	0.004928	0.005146	-1	0.005000	0.000000	-0.004874	

0.008000	0	1	0.005000	0.005000	-1	0.005000	-0.005100	0.003660	1	1	0.004917	0.005169	-1	0.004999	0.000011	-0.004838	

0.009000	0	1	0.005000	0.005000	-1	0.005000	-0.005100	0.003660	1	1	0.004907	0.005191	-1	0.004995	0.000028	-0.004816	

0.010000	0	1	0.005000	0.005000	-1	0.005000	-0.005100	0.003660	1	1	0.004897	0.005213	-1	0.004989	0.000048	-0.004792	

0.011000	0	1	0.005000	0.005000	-1	0.005000	-0.005100	0.003660	1	1	0.004887	0.005234	-1	0.004984	0.000071	-0.004766	
