MHUs:	2
Time	Unit	Type	Dimension1	Dimension2	Dimension3	LocationX	LocationY	LocationZ	Unit	Type	Dimension1	Dimension2	Dimension3	LocationX	LocationY	LocationZ	
0.000000	0	1	0.005000	0.005000	-1	0.005000	-0.005100	0.003660	1	1	0.005000	0.005000	-1	0.005000	0.000000	-0.005100	

0.001000	0	1	0.005000	0.005000	-1	0.005000	-0.005100	0.003660	1	1	0.005000	0.005000	-1	0.005000	0.000000	-0.005095	

0.002000	0	1	0.005000	0.005000	-1	0.005000	-0.005100	0.003660	1	1	0.004987	0.005026	-1	0.005000	0.000000	-0.005082	

0.003000	0	1	0.005000	0.005000	-1	0.005000	-0.005100	0.003660	1	1	0.004974	0.005051	-1	0.005000	0.000000	-0.005058	

0.004000	0	1	0.005000	0.005000	-1	0.005000	-0.005100	0.003660	1	1	0.004962	0.005076	-1	0.005000	0.000000	-0.005026	

0.005000	0	1	0.005000	0.005000	-1	0.005000	-0.005100	0.003660	1	1	0.004951	0.005100	-1	0.005000	0.000000	-0.004984	

0.006000	0	1	0.005000	0.005000	-1	0.005000	-0.005100	0.003660	1	1	0.004939	0.005123	-1	0.005000	0.000000	-0.004934	

0.007000	0	1	0.005000	0.005000	-1	0.005000	-0.005100	0.003660	1	1	0.004928	0.005146	-1	0.005000	0.000000	-0.004874	

0.008000	0	1	0.005000	0.005000	-1	0.005000	-0.005100	0.003660	1	1	0.004917	0.005169	-1	0.004999	0.000011	-0.004838	

0.009000	0	1	0.005000	0.005000	-1	0.005000	-0.005100	0.003660	1	1	0.004907	0.005191	-1	0.004995	0.000028	-0.004816	

0.010000	0	1	0.005000	0.005000	-1	0.005000	-0.005100	0.003660	1	1	0.004897	0.005213	-1	0.004989	0.000048	-0.004792	

0.011000	0	1	0.005000	0.005000	-1	0.005000	-0.005100	0.003660	1	1	0.004887	0.005234	-1	0.004984	0.000071	-0.004766	

0.012000	0	1	0.005000	0.005000	-1	0.005000	-0.005100	0.003660	1	1	0.004877	0.005254	-1	0.004981	0.000097	-0.004739	

0.013000	0	1	0.005000	0.005000	-1	0.005000	-0.005100	0.003660	1	1	0.004868	0.005274	-1	0.004979	0.000126	-0.004710	

0.014000	0	1	0.005000	0.005000	-1	0.005000	-0.005100	0.003660	1	1	0.004859	0.005294	-1	0.004978	0.000157	-0.004680	

0.015000	0	1	0.005000	0.005000	-1	0.005000	-0.005100	0.003660	1	1	0.004850	0.005313	-1	0.004978	0.000191	-0.004648	

0.016000	0	1	0.005000	0.005000	-1	0.005000	-0.005100	0.003660	1	1	0.004842	0.005332	-1	0.004977	0.000227	-0.004614	

0.017000	0	1	0.005000	0.005000	-1	0.005000	-0.005100	0.003660	1	1	0.004833	0.005350	-1	0.004977	0.000267	-0.004579	

0.018000	0	1	0.005000	0.005000	-1	0.005000	-0.005100	0.003660	1	1	0.004825	0.005368	-1	0.004977	0.000309	-0.004542	

0.019000	0	1	0.005000	0.005000	-1	0.005000	-0.005100	0.003660	1	1	0.004817	0.005386	-1	0.004978	0.000353	-0.004503	

0.020000	0	1	0.005000	0.005000	-1	0.005000	-0.005100	0.003660	1	1	0.004810	0.005403	-1	0.004979	0.000401	-0.004462	

0.021000	0	1	0.005000	0.005000	-1	0.005000	-0.005100	0.003660	1	1	0.004802	0.005420	-1	0.004979	0.000450	-0.004418	

0.022000	0	1	0.005000	0.005000	-1	0.005000	-0.005100	0.003660	1	1	0.004795	0.005436	-1	0.004978	0.000502	-0.004374	

0.023000	0	1	0.005000	0.005000	-1	0.005000	-0.005100	0.003660	1	1	0.004788	0.005453	-1	0.004978	0.000557	-0.004326	

0.024000	0	1	0.005000	0.005000	-1	0.005000	-0.005100	0.003660	1	1	0.004781	0.005468	-1	0.004978	0.000614	-0.004277	

0.025000	0	1	0.005000	0.005000	-1	0.005000	-0.005100	0.003660	1	1	0.004774	0.005484	-1	0.004976	0.000674	-0.004225	

0.026000	0	1	0.005000	0.005000	-1	0.005000	-0.005100	0.003660	1	1	0.004768	0.005499	-1	0.004975	0.000737	-0.004171	

0.027000	0	1	0.005000	0.005000	-1	0.005000	-0.005100	0.003660	1	1	0.004761	0.005514	-1	0.004974	0.000801	-0.004114	

0.028000	0	1	0.005000	0.005000	-1	0.005000	-0.005100	0.003660	1	1	0.004755	0.005528	-1	0.004973	0.000869	-0.004055	

0.029000	0	1	0.005000	0.005000	-1	0.005000	-0.005100	0.003660	1	1	0.004749	0.005542	-1	0.004973	0.000938	-0.003993	
