MHUs:	2
Time	Unit	Type	Dimension1	Dimension2	Dimension3	LocationX	LocationY	LocationZ	Unit	Type	Dimension1	Dimension2	Dimension3	LocationX	LocationY	LocationZ	
0.000000	0	1	0.005000	0.005000	-1	0.005000	-0.005100	0.003660	1	1	0.005000	0.005000	-1	0.005000	0.000000	-0.005100	

0.001000	0	1	0.005000	0.005000	-1	0.005000	-0.005100	0.003660	1	1	0.005000	0.005000	-1	0.005000	0.000000	-0.005095	

0.002000	0	1	0.005000	0.005000	-1	0.005000	-0.005100	0.003660	1	1	0.004987	0.005026	-1	0.005000	0.000000	-0.005082	

0.003000	0	1	0.005000	0.005000	-1	0.005000	-0.005100	0.003660	1	1	0.004974	0.005051	-1	0.005000	0.000000	-0.005058	

0.004000	0	1	0.005000	0.005000	-1	0.005000	-0.005100	0.003660	1	1	0.004962	0.005076	-1	0.005000	0.000000	-0.005026	

0.005000	0	1	0.005000	0.005000	-1	0.005000	-0.005100	0.003660	1	1	0.004951	0.005100	-1	0.005000	0.000000	-0.004984	

0.006000	0	1	0.005000	0.005000	-1	0.005000	-0.005100	0.003660	1	1	0.004939	0.005123	-1	0.005000	0.000000	-0.004934	

0.007000	0	1	0.005000	0.005000	-1	0.005000	-0.005100	0.003660	1	1	0.004928	0.005146	-1	0.005000	0.000000	-0.004874	

0.008000	0	1	0.005000	0.005000	-1	0.005000	-0.005100	0.003660	1	1	0.004917	0.005169	-1	0.005000	0.000011	-0.004838	

0.009000	0	1	0.005000	0.005000	-1	0.005000	-0.005100	0.003660	1	1	0.004907	0.005191	-1	0.005002	0.000028	-0.004816	

0.010000	0	1	0.005000	0.005000	-1	0.005000	-0.005100	0.003660	1	1	0.004897	0.005213	-1	0.004999	0.000048	-0.004792	

0.011000	0	1	0.005000	0.005000	-1	0.005000	-0.005100	0.003660	1	1	0.004887	0.005234	-1	0.004999	0.000071	-0.004766	

0.012000	0	1	0.005000	0.005000	-1	0.005000	-0.005100	0.003660	1	1	0.004877	0.005254	-1	0.005001	0.000097	-0.004739	

0.013000	0	1	0.005000	0.005000	-1	0.005000	-0.005100	0.003660	1	1	0.004868	0.005274	-1	0.005001	0.000125	-0.004710	

0.014000	0	1	0.005000	0.005000	-1	0.005000	-0.005100	0.003660	1	1	0.004859	0.005294	-1	0.005000	0.000156	-0.004680	

0.015000	0	1	0.005000	0.005000	-1	0.005000	-0.005100	0.003660	1	1	0.004850	0.005313	-1	0.004999	0.000190	-0.004649	

0.016000	0	1	0.005000	0.005000	-1	0.005000	-0.005100	0.003660	1	1	0.004842	0.005332	-1	0.004998	0.000226	-0.004615	

0.017000	0	1	0.005000	0.005000	-1	0.005000	-0.005100	0.003660	1	1	0.004833	0.005350	-1	0.004999	0.000265	-0.004580	

0.018000	0	1	0.005000	0.005000	-1	0.005000	-0.005100	0.003660	1	1	0.004825	0.005368	-1	0.004997	0.000307	-0.004543	

0.019000	0	1	0.005000	0.005000	-1	0.005000	-0.005100	0.003660	1	1	0.004817	0.005386	-1	0.004995	0.000351	-0.004504	

0.020000	0	1	0.005000	0.005000	-1	0.005000	-0.005100	0.003660	1	1	0.004810	0.005403	-1	0.004994	0.000398	-0.004463	

0.021000	0	1	0.005000	0.005000	-1	0.005000	-0.005100	0.003660	1	1	0.004802	0.005420	-1	0.004995	0.000447	-0.004421	

0.022000	0	1	0.005000	0.005000	-1	0.005000	-0.005100	0.003660	1	1	0.004795	0.005436	-1	0.004995	0.000499	-0.004376	

0.023000	0	1	0.005000	0.005000	-1	0.005000	-0.005100	0.003660	1	1	0.004788	0.005453	-1	0.004993	0.000553	-0.004330	

0.024000	0	1	0.005000	0.005000	-1	0.005000	-0.005100	0.003660	1	1	0.004781	0.005468	-1	0.004992	0.000609	-0.004281	

0.025000	0	1	0.005000	0.005000	-1	0.005000	-0.005100	0.003660	1	1	0.004774	0.005484	-1	0.004992	0.000668	-0.004230	

0.026000	0	1	0.005000	0.005000	-1	0.005000	-0.005100	0.003660	1	1	0.004768	0.005499	-1	0.004990	0.000729	-0.004177	

0.027000	0	1	0.005000	0.005000	-1	0.005000	-0.005100	0.003660	1	1	0.004761	0.005514	-1	0.004986	0.000793	-0.004121	

0.028000	0	1	0.005000	0.005000	-1	0.005000	-0.005100	0.003660	1	1	0.004755	0.005528	-1	0.004983	0.000859	-0.004062	

0.029000	0	1	0.005000	0.005000	-1	0.005000	-0.005100	0.003660	1	1	0.004749	0.005542	-1	0.004982	0.000928	-0.004001	

0.030000	0	1	0.005000	0.005000	-1	0.005000	-0.005100	0.003660	1	1	0.004743	0.005556	-1	0.004982	0.000998	-0.003938	

0.031000	0	1	0.005000	0.005000	-1	0.005000	-0.005100	0.003660	1	1	0.004737	0.005570	-1	0.004981	0.001072	-0.003871	

0.032000	0	1	0.005000	0.005000	-1	0.005000	-0.005100	0.003660	1	1	0.004732	0.005583	-1	0.004982	0.001147	-0.003801	

0.033000	0	1	0.005000	0.005000	-1	0.005000	-0.005100	0.003660	1	1	0.004726	0.005596	-1	0.004984	0.001224	-0.003728	

0.034000	0	1	0.005000	0.005000	-1	0.005000	-0.005100	0.003660	1	1	0.004721	0.005609	-1	0.004985	0.001304	-0.003652	

0.035000	0	1	0.005000	0.005000	-1	0.005000	-0.005100	0.003660	1	1	0.004716	0.005621	-1	0.004986	0.001386	-0.003573	

0.036000	0	1	0.005000	0.005000	-1	0.005000	-0.005100	0.003660	1	1	0.004710	0.005633	-1	0.004987	0.001470	-0.003490	

0.037000	0	1	0.005000	0.005000	-1	0.005000	-0.005100	0.003660	1	1	0.004705	0.005645	-1	0.004987	0.001556	-0.003403	

0.038000	0	1	0.005000	0.005000	-1	0.005000	-0.005100	0.003660	1	1	0.004701	0.005657	-1	0.004987	0.001643	-0.003313	

0.039000	0	1	0.005000	0.005000	-1	0.005000	-0.005100	0.003660	1	1	0.004696	0.005668	-1	0.004989	0.001732	-0.003219	

0.040000	0	1	0.005000	0.005000	-1	0.005000	-0.005100	0.003660	1	1	0.004691	0.005679	-1	0.004993	0.001822	-0.003122	

0.041000	0	1	0.005000	0.005000	-1	0.005000	-0.005100	0.003660	1	1	0.004687	0.005690	-1	0.004995	0.001913	-0.003021	

0.042000	0	1	0.005000	0.005000	-1	0.005000	-0.005100	0.003660	1	1	0.004682	0.005701	-1	0.004998	0.002005	-0.002917	

0.043000	0	1	0.005000	0.005000	-1	0.005000	-0.005100	0.003660	1	1	0.004678	0.005712	-1	0.004998	0.002097	-0.002809	

0.044000	0	1	0.005000	0.005000	-1	0.005000	-0.005100	0.003660	1	1	0.004674	0.005722	-1	0.004999	0.002191	-0.002697	

0.045000	0	1	0.005000	0.005000	-1	0.005000	-0.005100	0.003660	1	1	0.004670	0.005732	-1	0.004998	0.002286	-0.002580	

0.046000	0	1	0.005000	0.005000	-1	0.005000	-0.005100	0.003660	1	1	0.004666	0.005742	-1	0.004996	0.002382	-0.002458	

0.047000	0	1	0.005000	0.005000	-1	0.005000	-0.005100	0.003660	1	1	0.004662	0.005751	-1	0.004995	0.002479	-0.002332	

0.048000	0	1	0.005000	0.005000	-1	0.005000	-0.005100	0.003660	1	1	0.004658	0.005761	-1	0.004994	0.002576	-0.002200	

0.049000	0	1	0.005000	0.005000	-1	0.005000	-0.005100	0.003660	1	1	0.004654	0.005770	-1	0.004995	0.002674	-0.002063	

0.050000	0	1	0.005000	0.005000	-1	0.005000	-0.005100	0.003660	1	1	0.004651	0.005779	-1	0.004994	0.002773	-0.001920	

0.051000	0	1	0.005000	0.005000	-1	0.005000	-0.005100	0.003660	1	1	0.004647	0.005788	-1	0.004994	0.002871	-0.001772	

0.052000	0	1	0.005000	0.005000	-1	0.005000	-0.005100	0.003660	1	1	0.004643	0.005797	-1	0.004993	0.002970	-0.001618	

0.053000	0	1	0.005000	0.005000	-1	0.005000	-0.005100	0.003660	1	1	0.004640	0.005805	-1	0.004992	0.003068	-0.001458	

0.054000	0	1	0.005000	0.005000	-1	0.005000	-0.005100	0.003660	1	1	0.004637	0.005814	-1	0.004991	0.003166	-0.001292	

0.055000	0	1	0.005000	0.005000	-1	0.005000	-0.005100	0.003660	1	1	0.004633	0.005822	-1	0.004989	0.003263	-0.001120	

0.056000	0	1	0.005000	0.005000	-1	0.005000	-0.005100	0.003660	1	1	0.004630	0.005830	-1	0.004988	0.003359	-0.000942	

0.057000	0	1	0.005000	0.005000	-1	0.005000	-0.005100	0.003660	1	1	0.004627	0.005838	-1	0.004986	0.003452	-0.000759	

0.058000	0	1	0.005000	0.005000	-1	0.005000	-0.005100	0.003660	1	1	0.004624	0.005846	-1	0.004985	0.003543	-0.000571	

0.059000	0	1	0.005000	0.005000	-1	0.005000	-0.005100	0.003660	1	1	0.004621	0.005853	-1	0.004984	0.003632	-0.000376	

0.060000	0	1	0.005000	0.005000	-1	0.005000	-0.005100	0.003660	1	1	0.004618	0.005861	-1	0.004984	0.003719	-0.000175	

0.061000	0	1	0.005000	0.005000	-1	0.005000	-0.005100	0.003660	1	1	0.004615	0.005868	-1	0.004983	0.003804	0.000032	

0.062000	0	1	0.005000	0.005000	-1	0.005000	-0.005100	0.003660	1	1	0.004613	0.005875	-1	0.004982	0.003883	0.000241	

0.063000	0	1	0.005000	0.005000	-1	0.005000	-0.005100	0.003660	1	1	0.004610	0.005882	-1	0.004981	0.003959	0.000456	

0.064000	0	1	0.005000	0.005000	-1	0.005000	-0.005100	0.003660	1	1	0.004607	0.005889	-1	0.004981	0.004031	0.000677	

0.065000	0	1	0.005000	0.005000	-1	0.005000	-0.005100	0.003660	1	1	0.004605	0.005895	-1	0.004983	0.004100	0.000905	

0.066000	0	1	0.005000	0.005000	-1	0.005000	-0.005100	0.003660	1	1	0.004602	0.005902	-1	0.004984	0.004164	0.001139	

0.067000	0	1	0.005000	0.005000	-1	0.005000	-0.005100	0.003660	1	1	0.004600	0.005908	-1	0.004986	0.004224	0.001380	

0.068000	0	1	0.005000	0.005000	-1	0.005000	-0.005100	0.003660	1	1	0.004597	0.005915	-1	0.004987	0.004278	0.001628	

0.069000	0	1	0.005000	0.005000	-1	0.005000	-0.005100	0.003660	1	1	0.004595	0.005921	-1	0.004988	0.004328	0.001883	

0.070000	0	1	0.005000	0.005000	-1	0.005000	-0.005100	0.003660	1	1	0.004592	0.005927	-1	0.004989	0.004371	0.002142	

0.071000	0	1	0.005000	0.005000	-1	0.005000	-0.005100	0.003660	1	1	0.004590	0.005933	-1	0.004990	0.004407	0.002408	

0.072000	0	1	0.005000	0.005000	-1	0.005000	-0.005100	0.003660	1	1	0.004588	0.005938	-1	0.004991	0.004437	0.002681	

0.073000	0	1	0.005000	0.005000	-1	0.005000	-0.005100	0.003660	1	1	0.004586	0.005944	-1	0.004993	0.004459	0.002959	

0.074000	0	1	0.005000	0.005000	-1	0.005000	-0.005100	0.003660	1	1	0.004583	0.005950	-1	0.004995	0.004474	0.003244	

0.075000	0	1	0.005000	0.005000	-1	0.005000	-0.005100	0.003660	1	1	0.004581	0.005955	-1	0.004997	0.004480	0.003535	

0.076000	0	1	0.005000	0.005000	-1	0.005000	-0.005100	0.003660	1	1	0.004579	0.005961	-1	0.004998	0.004477	0.003832	

0.077000	0	1	0.005000	0.005000	-1	0.005000	-0.005100	0.003660	1	1	0.004577	0.005966	-1	0.005000	0.004465	0.004133	

0.078000	0	1	0.005000	0.005000	-1	0.005000	-0.005100	0.003660	1	1	0.004575	0.005971	-1	0.005002	0.004443	0.004440	

0.079000	0	1	0.005000	0.005000	-1	0.005000	-0.005100	0.003660	1	1	0.004573	0.005976	-1	0.005003	0.004410	0.004750	

0.080000	0	1	0.005000	0.005000	-1	0.005000	-0.005100	0.003660	1	1	0.004572	0.005981	-1	0.005004	0.004367	0.005065	

0.081000	0	1	0.005000	0.005000	-1	0.005000	-0.005100	0.003660	1	1	0.004570	0.005986	-1	0.005006	0.004312	0.005385	

0.082000	0	1	0.005000	0.005000	-1	0.005000	-0.005100	0.003660	1	1	0.004568	0.005990	-1	0.005007	0.004245	0.005707	
